359,28802
0,42694923
355,15195
353,29788
352,04285
345,95898
0,9529999
0,049599797
0,80000114
4,6520014
4,9010015
0,48100108
6,0860014
87
87
87
87
87
87
87
87
87
87
87
87
87
87
87
87
73
68
76
85
81
32
32
32
32
32
32
68
68
68
68
68
68
68
68
68
68
68
68
68
68
68
68
68
68
68
68
68
68
68
68
68
68
68
68
68
68
68
68
68
68
68
68
68
68
68
68
68
68
68
68
68
68
68
68
68
68
68
68
68
68
68
68
68
68
68
68
68
68
68
68
65
65
65
65
65
65
65
65
65
65
65
65
65
65
65
65
65
65
65
65
65
65
65
65
65
65
65
65
65
65
65
65
65
65
65
65
65
65
65
65
65
65
65
65
65
65
65
65
65
65
65
65
65
65
65
65
65
65
65
65
65
65
65
65
65
65
65
65
65
65
65
65
65
65
65
65
65
65
65
65
65
65
65
65
65
65
65
65
65
65
65
65
65
65
65
65
65
65
65
65
65
65
65
65
65
65
65
65
65
65
65
65
65
65
65
65
65
65
65
65
65
65
65
65
65
780,40015. 1,6459002. tank 0
768,6761. 770,76447. tank 1
0. 0. tank 0
0. 0. tank 1
4
6
1
1
0
7
3
7
4
0
5
